1	0.488	263326	2095	19787	2666094	0.489	381032	2067	19756	3857444	0.489	381064	2222	19756	3857766	
2	0.127	274625	2133	24320	2780285	0.129	396700	2113	24281	4016121	0.129	396624	2275	24279	4015351	
3	0.0838	275500	2150	24885	2789109	0.0874	396591	2124	24835	4015059	0.0871	396752	2285	24841	4016690	
4	0.0789	275393	2154	24946	2788050	0.0824	396791	2123	24897	4017074	0.0825	396744	2289	24896	4016603	
5	0.0791	275138	2184	24932	2785464	0.0821	396416	2159	24889	4013310	0.082	396487	2331	24891	4014032	
6	0.0785	275158	2128	24963	2785736	0.082	396650	2097	24914	4015700	0.0819	396634	2256	24916	4015542	
7	0.0788	275033	2140	24986	2784501	0.082	396538	2107	24944	4014622	0.082	396574	2270	24942	4014978	
8	0.0787	275216	2122	24954	2786270	0.0821	396438	2104	24909	4013552	0.082	396469	2274	24911	4013866	
9	0.079	274962	2120	24956	2783737	0.0823	396488	2101	24909	4014049	0.0823	396506	2258	24910	4014233	
10	0.0795	274699	2150	24928	2781021	0.0827	396261	2112	24884	4011705	0.0827	396270	2278	24884	4011794	
11	0.0787	275031	2125	24950	2784418	0.0823	396549	2102	24906	4014659	0.0821	396635	2265	24906	4015524	
12	0.0786	275017	2131	24925	2784243	0.0816	396710	2105	24883	4016244	0.0816	396686	2267	24883	4016005	
13	0.0789	274768	2117	24923	2781726	0.0824	396491	2094	24875	4014002	0.0823	396511	2255	24877	4014211	
14	0.0785	275188	2114	24955	2786002	0.0818	396520	2098	24912	4014388	0.0817	396579	2266	24913	4014980	
15	0.0792	274643	2148	24879	2780394	0.0823	396411	2119	24837	4013148	0.0823	396381	2276	24836	4012842	
16	0.0792	275033	2130	24949	2784417	0.0822	396562	2103	24909	4014785	0.0822	396562	2268	24907	4014776	
17	0.0787	274913	2132	24949	2783224	0.0819	396572	2103	24903	4014873	0.0817	396642	2264	24906	4015584	
18	0.0792	274958	2127	24940	2783653	0.0823	396493	2101	24898	4014073	0.0824	396434	2258	24898	4013483	
19	0.0786	275197	2112	24951	2786084	0.0816	396742	2096	24910	4016610	0.0818	396701	2260	24907	4016190	
20	0.0791	275030	2123	24932	2784363	0.0826	396402	2099	24888	4013144	0.0827	396331	2265	24888	4012433	
21	0.079	275141	2130	24941	2785496	0.0822	396429	2104	24896	4013437	0.0822	396445	2277	24898	4013606	
22	0.0786	275020	2130	24921	2784257	0.0814	396828	2114	24881	4017417	0.0817	396730	2271	24878	4016424	
23	0.0786	274909	2125	24941	2783176	0.0815	396757	2112	24903	4016746	0.0815	396720	2264	24904	4016381	
24	0.0789	274902	2129	24922	2783080	0.0818	396721	2107	24883	4016351	0.0821	396609	2268	24880	4015216	
25	0.0787	275005	2112	24953	2784157	0.0819	396477	2093	24911	4013946	0.0819	396464	2255	24910	4013815	
26	0.0789	275205	2126	24905	2786061	0.0825	396454	2106	24855	4013589	0.0825	396470	2276	24853	4013743	
27	0.0796	274416	2140	24917	2778177	0.0822	396521	2114	24880	4014321	0.0823	396464	2278	24881	4013753	
28	0.0782	275456	2130	24961	2788709	0.0816	396840	2113	24913	4017595	0.0817	396801	2267	24913	4017207	
29	0.0782	275069	2141	24949	2784812	0.0811	396842	2119	24910	4017628	0.0811	396795	2283	24911	4017160	
30	0.0793	275017	2118	24947	2784256	0.0819	396725	2089	24911	4016427	0.082	396727	2251	24909	4016439	
31	0.079	274658	2125	24922	2780619	0.0824	396277	2093	24875	4011864	0.0822	396307	2260	24879	4012178	
32	0.0789	274831	2117	24907	2782330	0.0825	396378	2104	24861	4012853	0.0824	396425	2259	24861	4013325	
33	0.0788	274900	2130	24909	2783022	0.0815	396702	2108	24873	4016141	0.0816	396659	2278	24871	4015702	
34	0.0785	275228	2135	24945	2786391	0.0815	396939	2111	24905	4018580	0.0816	396889	2270	24904	4018077	
35	0.0785	275021	2121	24967	2784350	0.0816	396567	2095	24926	4014884	0.0816	396559	2267	24926	4014803	
36	0.0794	274890	2119	24942	2782964	0.0821	396661	2089	24907	4015774	0.0821	396607	2250	24906	4015229	
print results: 1 for MQA, 2 for FIFO, 3 for LRU
Algo 1
algo exec time: 7.67e+04ms
ssd exec time: 8.92e+05ms
hdd exec time: 100110648.7144825689ms
hit count: 0.091695
Algo 2
algo exec time: 75799ms
ssd exec time: 8.9043e+05ms
hdd exec time: 144382115.37504189879ms
hit count: 0.094778
Algo 3
algo exec time: 81657ms
ssd exec time: 8.9043e+05ms
hdd exec time: 144379941.21089220892ms
hit count: 0.094792
